sdev
3.280087	2.477028	2.226363	2.154337	1.944398	1.820606	1.649679	1.635254	1.618507	1.528395	1.485132	1.459401	1.390759	1.358349	1.281187	1.231252	1.202068	1.122364	1.07228	1.041993	1.023981	0.9846217	0.9458475	0.9071275	0.8535037	0.8152883	0.7601281	0.7266713	0.672848	0.6519189	0.5929997	0.5796433	0.5070407	0.447462	0.4233622	0.4093997	0.3785491	0.3184207	7.171018e-15	
rotation
   	PC1	PC2	PC3	PC4	PC5	PC6	PC7	PC8	PC9	PC10	PC11	PC12	PC13	PC14	PC15	PC16	PC17	PC18	PC19	PC20	PC21	PC22	PC23	PC24	PC25	PC26	PC27	PC28	PC29	PC30	PC31	PC32	PC33	PC34	PC35	PC36	PC37	PC38	PC39	
X00000053274	0.0679	-0.0915	0.0206	0.1784	-0.1737	0.1424	0.1113	-0.1285	-0.147	0.1281	0.0759	-0.2167	-0.061	-0.119	-0.0482	0.2167	-0.0765	0.1715	0.1337	0.0833	-0.0737	0.1489	-0.0229	-0.0419	0.2029	0.0395	-0.0213	-0.0738	-0.0471	-0.1447	-0.1328	-6e-04	0.114	-0.0667	-0.0405	-0.1891	-0.2531	0.1155	-0.0456	
X00000037843	-0.2009	-0.0853	0.0648	-0.0211	0.0564	-0.0737	0.0806	-0.1421	-0.1079	0.0931	-0.1315	-0.01	-0.0932	-0.1622	-0.0153	0.1967	-0.0898	-0.0798	0.0279	0.0899	0.0125	-0.2048	0.0636	-0.1641	0.0051	0.0087	0.0808	0.2447	0.0227	0.2064	0.0627	-0.0139	-0.1286	0.0918	-0.3504	0.1238	-0.0589	0.096	0.1002	
X00000059200	0.0972	-0.0805	0.0904	0.1898	-0.1336	0.0623	0.2242	0.0764	-0.1438	0.0718	0.0637	-0.0494	0.0191	-0.0981	0.1299	0.1231	0.082	-0.0272	0.1215	0.0339	0.3377	-0.0428	-0.1483	-0.1719	-0.1505	-0.1402	0.0576	0.1196	0.1356	0.1106	0.1222	0.036	0.0176	0.1017	-0.0594	-0.2777	0.0293	0.0645	0.088	
LOC719667	-0.1079	0.0229	0.1021	-0.0126	-0.1618	0.1488	-0.09	-0.0323	0.154	0.1589	-0.2371	-0.2649	-0.0895	0.0041	-0.1043	-0.0791	0.0819	0.0305	-0.2275	0.0442	-0.0011	0.0792	-0.0182	0.0358	0.1055	-0.0464	-0.1538	-0.0421	0.266	0.0758	-0.1839	-0.2176	0.094	0.2063	-0.066	0.178	-0.0768	0.06	-0.0522	
VSTM1	-0.2197	0.0618	-0.0563	0.1986	-0.0332	0.0263	-0.0049	0.1241	-0.0968	0.0486	-0.0428	-0.1361	-0.0934	-0.0512	0.1413	-0.0901	-0.0309	0.0636	0.0338	-0.0075	-0.0014	0.0072	-0.1274	0.0611	0.0702	0.146	0.1406	0.0972	0.0244	0.0283	0.1097	-0.008	-0.0199	-0.0175	0.0953	-0.0705	-0.0425	0.1712	-0.0788	
TNNT2	-0.1497	-0.0532	-0.0424	-0.0721	0.2146	-0.0338	-0.0251	0.0107	0.0176	0.1654	0.098	-0.0527	0.0709	0.2792	0.1684	-0.2114	0.1084	0.2049	-0.0821	0.0796	0.0301	0.1612	-0.032	-0.0685	0.086	-0.0649	0.0557	0.1167	0.0933	0.0887	-0.002	0.155	-0.1161	0.1159	0.2109	-0.0753	-0.1049	-0.2038	0.0649	
KIR3DL0	0.1189	0.1773	0.1188	-0.16	0.0885	-0.032	0.026	0.0532	-0.1805	0.1099	0.0259	-0.0022	0.0464	-0.1668	-0.1074	0.0385	0.1031	-0.1666	-0.1725	0.1013	-0.0398	0.0032	-0.1979	-0.1367	0.05	0.2468	0.0355	-0.1512	0.1441	0.0654	0.111	-0.1354	0.0752	0.0012	-0.0665	0.0504	-0.0751	-0.1956	0.0836	
STARD8	-0.1249	0.0438	0.013	-0.2131	-0.1491	-0.0023	0.1704	0.0941	-0.1162	-0.0983	0.0361	0.1557	0.1073	0.0983	-0.288	0.0103	-0.0565	0.0258	-0.0316	0.0414	0.0441	-0.0485	-0.0099	-0.2202	0.2528	-0.0198	-0.0261	0.1256	-0.1035	0.0562	0.1421	-0.0607	0.0576	0.067	0.0586	0.023	-0.2271	-0.061	-0.0859	
RBM46	0.1539	0.0904	0.013	0.0999	0.0185	-0.17	0.2058	-0.0845	-0.038	0.0212	0.1231	0.0115	0.081	-0.1411	-0.1406	0.0722	-0.0613	0.0792	0.127	0.0128	-0.0425	0.2686	-0.2391	-0.0844	-0.1582	0.2283	-0.0063	0.0728	-0.1232	0.0176	-0.2581	-0.0358	-0.1103	0.1185	0.2154	0.3683	0.0978	-0.1543	-0.1198	
X00000064715	0.0703	-0.0402	-0.1305	0.1856	0.0533	-0.01	-0.0071	0.082	-0.2507	-0.2101	0.1078	0	0.0539	-0.0782	-0.2259	-0.0736	0.1184	0.0152	-0.0337	0.1915	0.0349	0.1186	0.3206	0.1857	0.0144	0.0501	0.0885	0.2087	0.1869	0.0717	0.1905	0.0224	-0.0385	-0.0647	-0.0038	0.0568	0.1245	0.0077	0.0383	
LOC709056	0.1528	-0.0598	0.0372	-0.1599	0.0284	0.1384	0.0842	0.0259	-0.0353	-0.2545	-0.0579	-0.1844	-0.0156	0.0498	0.1791	-0.0615	-0.0945	0.2111	-0.0683	-0.0817	0.1191	-0.0888	0.0792	0.0355	-0.1513	0.2024	-0.0922	0.1217	-0.0427	0.1166	-0.0704	-0.272	0.1322	-0.1197	-0.1096	-0.0971	-0.1605	0.0593	0.1576	
TMX2	0.1863	-0.2061	-0.0594	-0.0661	0.0661	0.0257	0.0442	0.0833	-0.0749	0.0141	-0.017	-0.1495	-0.0957	4e-04	-0.1306	0.0854	0.1042	-0.0849	-0.0548	0.0081	-0.2193	-0.0387	0.1365	-0.1589	0.0516	-0.0191	0.1088	0.1086	0.0521	-0.0085	-0.0962	-0.1681	-0.0665	-0.1834	0.0671	-0.0114	0.257	0.0441	-0.1202	
TMEM38A	-0.1669	-0.132	-0.0815	0.0181	0.1147	-0.153	0.1038	0.1936	-0.0523	0.0051	-0.2529	-0.0299	0.0321	-0.1037	-0.1064	-0.0859	-0.091	0.034	0.0097	-0.2045	-0.0202	-0.0864	-0.12	0.0131	0.0884	-0.0355	-0.0943	0.0565	-0.0888	-0.0188	0.0396	-0.0158	-0.0276	0.0231	0.0445	-0.0044	0.0507	-0.1326	0.0771	
LOC701920	0.2076	0.0523	-0.1892	-0.1306	-0.0452	-0.1178	-0.0048	0.0595	-0.1146	0.0125	0.0655	-0.1288	0.075	0.0375	0.1203	-0.0578	-0.0321	0.0383	-0.1301	-0.0348	0.0752	-0.1047	-0.1014	0.0358	0.0957	0.054	0.0868	0.1405	-0.0345	-0.036	0.0288	-0.0286	-0.0486	0.0188	-0.0263	0.0838	-0.025	0.018	-0.2235	
F2RL3	-0.1719	0.0594	0.0694	-0.0531	0.0633	0.1837	0.0959	-0.0377	0.0556	-0.2064	0.1848	-0.0315	-0.0306	0.0896	0.0039	0.0912	0.1749	-0.1385	-0.0415	0.0031	0.1805	0.1337	-0.2444	-0.2264	-0.042	-0.0545	-0.0926	0.0293	-0.0114	-0.06	0.1281	-0.0957	0.1681	-0.1325	0.0427	0.1354	0.0886	0.118	-0.0128	
TARM1	-0.1665	0.0331	-0.094	0.0427	-0.227	-0.0615	-0.0866	-0.0415	-0.1073	-0.0219	-0.0065	0.1013	-0.1767	0.0664	0.2015	0.0953	0.0401	0.0725	0.0808	0.1003	0.0487	-0.0453	-0.1903	-0.0282	0.1885	0.2606	0.1731	-0.0825	0.0224	0.3175	-0.0308	0.1046	-0.0451	-0.1236	-0.0196	0.0224	0.0359	0.0591	-0.0625	
CBS	0.0733	-0.1485	0.0078	-0.1341	-0.1259	0.0854	0.2551	0.2046	0.0041	0.0304	0.0254	0.0358	0.0131	-0.1349	0.1163	0.1027	-0.1286	0.0591	-0.0316	0.1191	-0.1715	0.0285	0.0057	0.3768	0.2034	-0.0112	-0.1815	0.0373	-0.0177	0.0151	0.1988	0.0206	-0.169	-0.0268	-0.0122	0.1496	-0.0974	-0.1128	0.0942	
X00000053012	0.192	-0.006	-0.0436	-0.1033	-0.0644	-0.0029	0.1056	-0.0421	-0.0929	-0.1986	-0.0095	0.1105	-0.0204	-0.1066	-0.1967	-0.0118	0.1569	0.1548	-0.0087	-0.3551	0.0769	0.0073	-0.0473	-0.0087	0.1123	-0.0135	-0.0728	0.0245	0.0096	-0.1565	-0.0787	0.0644	-0.0383	0.0874	0.1218	-0.3789	-0.0334	0.077	0.0159	
LILRB1	-0.1437	-0.1144	0.0284	-0.0748	-0.0294	-0.1671	0.0308	-0.0558	-0.0097	-0.1679	-0.0791	-0.0819	-0.2798	0.1452	0.0258	0.3055	-0.0718	-0.1082	-0.0164	-0.0502	0.0314	0.2246	-0.0357	0.0417	-0.102	-0.0989	-0.0032	-0.1423	-0.0849	-0.012	0.1854	-0.0114	-0.1442	0.1672	0.0437	-0.0541	-0.1412	-0.1077	-0.3354	
DLK1	-0.1193	-0.0472	-0.1529	0.1699	-0.0756	0.092	0.0257	-0.0908	0.0367	-0.033	-0.0587	-0.3085	0.1734	-0.0822	-0.1629	-0.0443	0.0319	-0.0563	-0.0477	0.0243	0.1449	-0.2071	0.0391	0.0208	-0.0011	0.1993	-0.0702	-0.1498	0.0585	0.0385	0.1723	0.2184	-0.128	-0.2643	0.2277	0.1397	-0.1125	0	-0.0222	
X00000064313	0.0986	0.1761	0.1151	-0.1835	0.0142	0.0193	0.045	0.0175	-0.1423	0.064	-0.0522	-0.2831	-0.0233	0.0017	0.0221	0.0257	0.0637	-0.0124	-0.0194	0.0744	0.0884	-0.1202	0.052	0.1295	0.0776	-0.2101	0.3099	-0.2117	-0.2862	-0.137	0.1445	0.0603	0.1786	-0.0442	0.034	0.0732	0.1983	-0.0277	0.1418	
KRTAP29.1	0.1045	-0.1081	0.1226	0.0094	-0.166	-0.0163	0.2375	-0.2973	-0.1058	0.1678	-0.0856	0.0275	0.0154	-0.0143	0.0792	-0.23	-0.0202	0.0567	-0.0393	0.0216	0.0368	-0.018	0.0791	0.0294	-0.0573	-0.0576	0.0272	0.0168	-0.1256	-0.0039	0.0072	0.1037	0.0439	-0.0207	0.0702	0.0398	-0.1198	-0.1386	-0.0353	
LOC715623	0.0941	-0.228	-0.0443	-0.0282	-0.0285	0.0192	0.0298	0.058	0.1462	-0.0428	0.1496	-0.2161	0.0752	0.0117	0.1165	-0.1625	-0.2532	-0.1011	0.0384	-0.2263	-0.0671	0.1316	-0.1008	-0.0325	0.1408	0.0941	0.2165	0.0367	-0.0747	0.0035	0.0878	0.0723	0.238	0.17	-0.0087	0.14	-0.0636	0.0701	0.0758	
ESR1	0.1038	0.1522	-0.0239	0.1635	0.0257	-0.1393	0.1443	-0.0091	-0.0061	-0.0174	-0.1356	-0.1283	0.0804	0.3019	-0.0129	-0.0455	-0.0496	-0.2624	0.0603	-0.0302	-0.2126	-0.0673	-0.1066	-0.0582	0.172	-0.0099	-0.1809	0.1293	-0.1191	0.0601	0.0812	-0.035	0.024	0.0599	-0.1658	-0.0702	0.1452	0.0917	0.0833	
CFAP70	-0.0616	0.0816	-0.0908	0.1605	0.0908	-0.0501	-0.2083	-0.2736	-0.1271	-0.1385	0.1504	-0.1352	0.0298	-0.0114	-0.0188	-0.0058	-0.2304	0.0851	-0.2162	-0.02	-0.0367	0.1012	0.0243	-0.0448	0.1358	-0.0015	0.0132	0.0236	0.0276	0.1988	-0.1841	0.0017	0.2426	-0.0885	0.0809	-0.1242	0.1451	-0.1293	0.0756	
LOC702786	0.0875	-0.0933	0.137	0.0095	-0.1549	-0.0176	0.2442	-0.3174	-0.0894	0.1841	-0.0795	0.0139	0.0172	0.0436	0.0385	-0.2446	0.0232	0.0762	-0.0291	-0.0097	0.007	-0.035	-0.0089	-0.0428	-0.0568	-0.0902	0.0651	-0.0836	-0.0249	0.0689	0.0638	0.0795	0.0048	-0.0416	0.0245	0.0046	0.1379	-0.0906	-0.0796	
C5H4orf45	-0.1067	0.0362	-0.1993	0.0818	-0.1198	0.1524	0.0113	0.0675	-0.1995	-0.0379	-0.0767	-0.0385	0.2243	-0.1278	-0.0148	-0.0659	0.2429	0.0237	0.1023	-0.0845	-0.0399	0.2062	0.0637	0.032	-0.0202	0.131	-0.01	-0.2571	-0.1639	0.0241	-0.1425	-0.149	0.0161	0.1506	-0.21	0.0119	-0.046	0.0111	-0.0416	
A1BG	0.1181	0.0408	0.073	-0.0549	0.0684	0.187	-0.0149	0.1721	0.0646	0.1905	-0.0525	0.0389	0.0869	0.1713	-0.0998	0.138	0.2392	0.1044	-0.0273	-0.2144	-0.0403	-0.0867	0.2227	-0.1733	-0.2272	0.2128	0.1473	-0.0806	-0.0767	0.2589	-0.0263	0.2221	-0.0331	0.1697	-0.0042	0.0766	-0.1392	0.0226	0.0275	
TRIM16	0.057	0.0898	0.0544	0.0423	0.1817	-0.0494	0.3202	-0.0461	0.1789	0.0128	0.146	-0.0383	0.0834	-0.1092	0.0713	0.2285	0.1044	-0.2482	-0.1468	-0.0896	-0.023	0.0384	0.0351	0.0897	0.1594	0.0677	-0.1514	0.0086	0.1329	0.1788	-0.0668	0.2329	0.0106	-0.0886	0.0632	-0.0923	-0.0464	-0.0945	0.0772	
MYH15	-0.0684	-0.0302	0.0278	-0.1734	0.134	-0.0469	-0.0227	0.0817	0.1304	0.2854	0.1556	-0.1575	0.1238	-0.0254	-0.278	0.0221	-0.2111	0.0582	0.0716	0.2395	0.1019	0.0891	0.0332	-0.1135	-0.0102	0.0949	-0.0087	-0.0096	-0.1043	-0.1185	-0.0129	0.09	-0.0802	-0.1553	-0.1728	-0.1997	0.0914	0.0353	-0.0263	
THRB	-0.1005	-0.0527	-0.1644	-0.0479	0.1843	-0.1213	0.1295	-0.199	-0.0676	-0.0312	-0.0021	0.0645	-0.1039	-0.0014	-0.019	0.1199	-0.1391	0.2154	-0.2228	-0.1009	0.1624	-0.2274	0.2079	-0.1722	-0.0928	0.0342	-0.1799	-0.0833	-0.006	-0.0232	0.0668	0.0015	0.1393	-0.0074	0.0743	0.102	-6e-04	0.0462	-0.085	
LOC114669850	0.0789	-0.0033	-0.0013	0.1031	0.2368	-0.0569	0.0754	0.1359	-0.0971	0.075	0.141	-0.1112	-0.4179	-0.0691	0.0714	-0.0318	0.0403	0.0733	0.1164	-0.0426	-0.0803	0.0586	0.0321	0.0826	-0.0987	-0.1507	-0.1317	-0.2595	0.1278	0.118	0.0362	0.058	0.0891	0.0055	0.0443	0.1211	-0.0317	0.0807	-0.0022	
USP31	-0.0779	-0.0195	-0.1878	-0.222	0.0337	0.0785	0.0526	0.1845	-0.0772	-0.0436	0.1216	-0.0766	-0.2018	0.068	-0.1393	-0.1812	-0.1089	-0.1021	0.1784	-0.0559	0.0085	-0.0487	-0.0422	-0.1104	0.074	-0.0829	0.0615	-0.07	-0.1767	0.2912	-0.1632	0.1602	0.051	-0.103	-0.0336	-0.0435	-0.1247	-0.0428	-0.0162	
SDK2	0.0672	-0.0485	-0.1809	-0.1167	0.2157	0.0575	0.0871	-0.0064	0.0111	-0.0635	-0.08	-0.1429	-0.0719	-0.2516	0.0469	-0.1577	0.1161	-0.2128	0.0853	0.2368	0.1948	-0.0061	0.0499	-0.0947	0.0916	-0.1224	0.0342	0.0713	0.0773	-0.0711	-0.1639	0.0582	-0.0273	0.3719	0.1884	0.0406	-0.0592	0.1799	-0.0076	
X00000060146	-0.0252	0.1124	-0.1319	-0.0077	-0.2565	-0.0773	-0.1046	0.0457	0.1642	-0.0296	0.0314	-0.2911	-0.0164	-0.1007	-0.0117	-0.0025	0.0181	0.1267	-0.1065	-0.0795	0.0407	0.2432	0.2006	-0.0581	-0.1692	-0.2173	-0.0341	0.2588	-0.0483	0.0931	0.1231	0.0738	-0.1534	0.006	-0.1059	0.0448	-0.093	-0.1461	0.0274	
LTC4S	-0.1885	-0.0665	0.1362	0.0454	0.1812	0.0578	0.1293	0.1794	-0.0119	-0.0506	-0.0358	-0.1382	0.0831	-0.0105	0.0025	0.0501	0.0068	0.1948	-0.0421	-0.0737	0.0262	0.0904	-0.1258	-0.0319	-0.0922	-0.0495	0.2857	0.0442	0.1482	-0.0823	0.0489	-0.0056	0.0708	3e-04	-0.041	0.0186	0.095	-0.1764	0.091	
SMIM2	-0.1443	0.0458	-0.0884	0.1058	-0.0537	0.3151	0.0186	-0.0687	0.1511	-0.0906	0.0942	-0.0164	0.0618	0.0721	0.108	-0.0541	0.0632	-0.114	-0.1033	0.1224	-0.0568	-0.2727	0.0035	0.0125	0.0531	0.0787	-0.075	0.0455	-0.1799	-0.1492	-0.0504	0.0965	-0.0688	0.2328	0.0419	-0.0488	0.0617	-0.103	-0.0188	
X00000064369	0.0784	-0.2184	0.2147	0.0168	-0.0688	0.0785	-0.0566	0.1507	0.0067	-0.1587	0.0981	-0.0488	0.0662	0.1033	-0.0153	-0.0555	0.0082	0.1054	0.1136	0.1882	0.0936	0.0978	0.0347	-0.1336	0.0147	0.0314	-0.3164	-0.114	0.0418	0.0127	0.0531	0.1103	0.013	0.0168	-0.1528	-0.0768	0.142	-0.1998	-0.0572	
X00000060253	0.0982	0.1699	0.0992	-0.0617	0.0212	0.0463	0.0801	0.0411	0.1044	-0.0927	-0.1792	0.0605	-0.2484	0.0969	-0.1459	-0.0789	0.0987	0.2549	0.0218	0.2651	-0.1605	0.079	-0.0579	0.0922	0.0661	0.1085	-0.0995	0.2468	-0.0516	0.1766	0.0338	0.2048	0.246	0.0692	0.0818	-0.064	0.0486	0.1082	-0.0586	
LAMC1	-0.0962	0.1623	-0.0991	-0.1195	-0.1091	-0.1633	0.1989	-0.0653	0.0663	0.0409	0.2712	-0.0627	0.0238	-0.0332	0.0675	0.0846	-0.0116	0.0483	-0.1024	-0.1225	-0.1583	0.0639	0.257	-0.0113	0.0274	0.131	0.0132	-0.035	0.0469	0.0173	0.1347	-0.1104	0.0991	0.2544	-0.0356	-0.0591	0.0665	0.131	0.1171	
ZNF576	0.1078	-0.2495	-0.0422	-0.0022	0.1148	-0.044	-0.0635	-0.0991	-0.0548	-0.1564	-0.0074	-0.1566	0.2506	0.135	-0.0168	0.0715	0.0806	4e-04	0.0798	0.0513	0.0246	-0.1072	-0.1213	0.0975	-0.0724	0.0625	-0.0694	0.0453	0.1106	-0.0035	0.1371	0.0992	0.278	0.1249	-0.1525	0.1471	-0.0861	-0.0207	-0.3296	
HEY1	-0.1144	-0.0025	-0.09	-0.1337	-0.1483	-0.2606	0.1024	0.1807	0.0982	0.1312	0.1077	0.0695	0.1034	-0.0026	0.1385	-0.0752	0.129	-0.0526	-0.0761	0.1784	0.0571	0.0918	0.1241	0.0368	-0.0548	0.084	-0.0329	-0.146	0.0421	-0.0898	-0.0689	0.0696	0.2609	-0.1743	-0.057	-0.0396	-0.0588	0.183	-0.0929	
X00000058729	0.1107	-0.0816	0.0654	-0.0798	-0.113	0.0659	-0.1018	-0.0056	-0.213	0.0242	0.0344	-0.009	-0.0067	0.2488	-0.2461	0.0295	-0.0758	-0.258	-0.2654	0.0401	0.1864	0.0978	-0.1083	0.2949	-0.145	-0.0156	0.0329	-0.044	0.0111	0.1926	-0.063	-0.0485	-0.0772	0.0058	0.1537	-0.0558	-0.1417	0.0792	0.1619	
HCN2	-0.0986	-0.0513	-0.042	0.1112	-0.047	0.0774	0.2821	-0.0111	0.2206	-0.0434	0.1924	-0.0649	0.0229	0.1976	-0.255	-0.035	-0.0104	0.1365	-0.0132	-0.0335	0.0484	-0.1021	-0.0126	0.0228	0.1514	-0.2517	0.0368	-0.2202	0.071	0.1111	-0.167	-0.1537	-0.1971	-0.0192	-0.0948	0.0836	0.0985	0.0993	-0.0719	
X00000059995	0.1229	-0.0307	-0.0854	0.2827	0.0707	-0.0591	-0.1137	0.0717	0.2162	0.089	0.1528	0.1204	0.0463	-0.1053	-0.001	-0.0694	0.0184	-0.0476	0.0895	-0.0461	0.0793	0.0029	-0.0406	-0.0639	-0.048	-0.0543	0.0159	0.1384	-0.2344	0.1161	0.0864	-0.139	0.0468	-0.0956	0.008	-0.0213	-0.2272	-0.0462	-0.0088	
CTH	-0.1424	-0.0062	0.0296	0.0756	-0.1263	0.2209	0.0924	-0.0932	-0.0822	-0.0652	0.1255	0.0242	-0.0487	0.0897	-0.1139	-0.0066	0.017	-0.2272	0.0837	-0.0117	-0.4267	0.0482	0.1069	-0.0952	-0.2318	-0.1159	0.1504	0.1113	0.0614	-0.0993	0.1158	0.013	0.1627	-0.089	0.1262	0.01	-0.1602	-0.0253	0.0164	
MAOA	-0.0812	-0.2079	-0.2484	-0.065	0.062	0.0673	0.075	-0.0607	-0.1095	0.0505	0.0765	0.1315	0.0437	0.0444	0.0194	-0.0725	-0.1192	-0.0405	0.1327	0.1223	-0.1535	-0.0415	0.0411	0.1138	-0.2326	0.0632	-0.052	-0.1345	0.0481	0.1368	0.0078	-0.0158	0.0856	0.1991	-0.1017	-0.1421	0.1852	-0.0934	0.0019	
X00000058427	0.0592	0.1275	-0.1249	-0.1584	-0.0123	0.1246	0.0545	-0.1763	0.2651	-0.0995	-0.273	-0.0543	0.0394	-0.0611	0.0677	0.0905	-0.0928	-0.0732	0.0557	0.0963	-0.0459	0.1743	-0.0183	-0.1042	-0.0749	0.075	0.0747	-0.0607	0.1344	-0.0344	0.0466	0.1931	-0.0251	-0.1124	0.0217	-0.1933	-0.0135	-0.002	-0.0401	
X00000056965	0.0346	0.0267	0.2307	-0.0345	0.1838	0.1859	0.0124	-0.1018	-0.1042	-0.0315	0.0335	0.0653	0.2678	0.0395	0.2339	-0.0115	-0.0416	0.0527	0.1738	-0.0705	-0.026	0.1275	0.1515	-0.042	0.1561	-0.1434	-0.1115	0.0127	-0.0123	0.2117	-0.0102	-0.0163	-0.1496	-0.1391	0.0523	0.1885	-0.0315	0.3201	-0.0228	
NEIL2	0.0872	-0.2041	-0.213	-0.0657	0.0899	0.1426	0.0673	-0.1177	0.1553	0.0156	-0.1157	-0.0492	-0.1322	0.0387	-0.0077	0.177	0.0108	0.0616	0.1539	0.1025	-0.0509	-0.0579	-0.0442	0.013	-0.0212	0.0858	0.0624	0.046	0.016	-0.0313	-0.1576	-0.1489	0.0123	-0.1341	0.0039	0.0554	-0.1101	-0.2279	0.2874	
LOC714118	0.0442	-0.0383	0.0297	0.1354	0.0522	-0.0699	0.0383	0.1292	0.1178	-0.2301	-0.1736	0.0414	0.1325	-0.2638	0.0068	-0.0549	-0.0201	0.1151	-0.2708	0.2702	-0.2211	-0.0359	-0.0967	-0.1768	-0.1304	-0.1934	0.0092	-0.2587	-0.2753	0.2214	0.1107	-0.0966	0.0621	-0.0242	0.1051	-0.0524	-0.0977	0.078	0.0192	
ULK4	0.1165	-0.2369	-0.1299	0.0168	-0.0953	0.0723	-0.1515	0.0626	0.0184	-0.0656	-0.0252	0.1066	-0.022	0.0697	0.0622	0.1942	0.0606	0.1425	-0.0617	-0.0691	-0.0607	0.0668	-0.0154	-0.1852	0.2637	0.054	0.0758	-0.2022	0.0577	-0.0875	0.2174	0.1126	-0.0621	0.0634	0.1369	0.112	0.1298	0.0333	0.2152	
X00000061294	0.1127	0.0604	-0.039	0.2037	0.0823	0.0116	0.1343	0.1037	-0.004	0.0124	-0.1395	0.0335	-0.0031	0.2197	0.0917	-0.0868	-0.3442	-0.1681	-0.0509	0.1048	0.1656	0.1721	0.1633	-0.1209	-0.0156	0.1599	-0.0044	-0.1828	0.0477	-0.0147	0.0965	-0.1826	-0.1076	0.1235	0.1091	-0.1241	-0.0682	-0.004	0.0909	
LOC114672915	0.0756	0.0674	0.1329	-0.029	-0.0103	0.244	-0.1696	0.004	0.0947	0.2293	0.1517	0.068	-0.1455	-0.1588	-0.1301	-0.134	-0.2571	0.055	0.0707	-0.0812	0.0193	-0.1128	-0.0221	-0.0649	0.0176	0.1055	-0.1238	-0.0044	0.133	-0.0617	0.2807	-0.103	0.1083	0.0765	0.117	0.0649	-0.0237	0.0292	-0.0848	
CDH20	0.1182	0.051	-0.0266	-0.0735	-0.142	-0.1934	-0.0922	0.1145	-0.1553	0.0295	0.1023	-0.1239	0.0867	0.1871	0.217	0.105	0.0515	0.0327	0.0799	0.199	-0.1597	-0.2057	0.0616	-0.2728	0.0017	-0.1458	-0.1055	0.0198	0.1511	-0.1	-0.156	-0.1361	-0.028	-0.0358	0.1971	0.0311	-0.199	-0.1194	0.0331	
LOC100425242	-0.1043	0.1361	0.1473	-0.1226	0.015	-0.0973	-0.1061	0.0011	-0.1553	-0.1224	-0.1269	-0.2511	0.1203	0.0062	-0.067	0.0663	-0.1882	0.0189	0.2893	-0.0521	-0.0804	-0.0114	0.0739	0.0032	-0.1389	0.0837	-0.1504	-0.0577	-0.0705	-0.0347	-0.0174	0.1421	-0.1274	0.053	0.1752	0.0237	0.0397	0.1659	0.0969	
WDR41	0.1224	0.0349	-0.2201	0.089	0.0578	0.1181	-0.1295	0.0206	-0.1364	0.1796	0.001	0.0686	0.0459	0.0356	-0.0104	0.2409	-0.1187	-0.0107	-0.2022	-0.0145	0.0144	0.0679	-0.1348	0.0171	-0.0417	-0.2554	-0.1936	0.0256	-0.1297	-0.08	-0.0863	0.3236	0.1436	0.0418	-0.1884	0.1265	-0.078	0.093	0.1132	
RWDD2A	0.1586	0.2011	-0.064	-0.03	0.0942	0.102	0.0219	0.052	0.1352	0.0784	-0.0487	-0.0861	0.1956	0.0771	0.0466	0.2008	-0.0939	0.1075	0.0511	-0.0778	-0.0695	-0.1062	-0.0949	0.1823	-0.0351	-0.113	0.1663	-0.029	0.1172	0.1759	0.071	-0.1453	0.0038	-0.0078	0.0208	-0.1642	0.0499	-0.044	-0.3214	
LOC109910387	-0.0575	0.0867	0.3376	0.1067	-0.0164	-0.1125	-0.0388	-0.0135	0.0829	-0.2248	0.0646	-0.0459	-0.0515	0.0021	0.0154	0.0369	-0.0011	-0.0342	0.0983	-0.014	0.1027	-0.0853	0.1306	0.0744	0.1076	0.0426	0.0504	-0.095	-0.046	-0.0066	-0.1322	0.0775	0.1225	0.1205	-0.1442	0.0539	-0.0825	-0.2772	0.171	
LAD1	-0.1146	-0.0887	-0.0535	-0.0963	0.2134	0.0414	-0.0297	-0.207	-0.0462	0.2079	-0.0738	-0.0761	-0.0204	0.124	0.0463	0.0202	0.2854	0.0113	0.0085	-0.0062	0.03	0.2697	9e-04	0.012	0.0823	0.0751	-0.1598	0.0608	-0.3011	-0.0071	0.2205	-0.24	-0.0025	-0.0811	0.0043	-0.0465	0.0343	-0.0119	0.0743	
X00000056036	0.0641	0.018	-0.0204	0.2836	-0.0446	-0.0775	0.1662	0.1925	0.1	0.0815	-0.1192	-0.0393	-0.1514	0.2542	-0.0522	0.1058	0.0525	0.008	0.0465	0.0115	0.1537	-0.0645	0.1511	0.0512	-0.0472	0.1562	-0.0085	0.0898	-0.159	-0.1529	-0.0535	-0.0223	0.1575	-0.0736	0.0973	0.1195	0.0542	0.0732	-0.0274	
AZU1	-0.1667	-0.1852	0.1067	-0.0671	0.1585	-0.1787	0.0115	-0.0448	0.1071	-0.0375	-0.025	0.1213	0.148	0.0214	-0.0714	0.0042	0.0321	0.0043	0.0768	-0.0165	-0.0152	-0.004	-0.0245	0.2167	0.0049	-0.0087	0.1294	-0.0017	0.0846	-0.1006	-0.0715	-0.0406	0.112	-0.0802	0.083	-0.0228	-0.2997	0.1653	0.058	
ITGA2	-0.0508	0.2081	-0.1634	-0.1633	-0.0663	0.2133	0.0542	0.064	-0.016	-0.07	-0.0098	0.1101	-0.0167	-0.0975	0.142	0.0552	-0.0398	-0.0955	0.1783	-0.042	0.2359	0.0279	0.1282	0.087	0.0024	-0.087	-0.0961	0.0172	-0.0544	0.0746	-0.0111	-0.1066	0.1309	-0.1322	0.1004	0.1226	0.079	-0.2569	-0.0957	
SPEF2	0.0999	0.1934	-0.0451	0.0661	0.2014	0.1145	0.1084	-0.0152	-0.1221	-0.1366	-0.1081	0.1541	-0.0648	0.1052	0.0037	-0.1281	-0.1273	0.0559	-0.1005	0.0523	0.0073	0.1546	0.1234	-0.0982	0.1233	0.0084	0.2161	-0.0474	0.0859	-0.2439	-0.0197	0.0965	-0.0979	-0.0969	-0.326	0.1397	-0.2089	-0.0412	-0.1509	
GUSBA	0.0181	-0.2238	0.2292	0.0441	0.1025	0.0696	-0.1491	0.0374	-0.0117	0.0473	0.0367	-0.0335	-0.063	-0.1397	0.0607	0.1335	0.0048	-0.1719	-0.126	0.0149	-0.0092	-0.0086	0.2906	-0.0034	0.2091	0.0749	0.0996	0.0432	-0.2337	0.0785	-0.1099	-0.0165	0.0098	0.0573	0.095	-0.1444	0.0064	-0.0908	-0.3348	
CD300LD	-0.1393	-0.0721	-0.0129	0.0443	-0.115	0.0084	0.0271	0.1516	-0.0535	0.1647	-0.3357	0.1389	0.2014	-0.0159	-0.051	0.115	-0.1379	-0.0498	0.0651	-0.0837	0.0701	0.1393	0.141	-0.0783	0.1263	-0.15	-0.004	0.0675	0.1561	0.093	-0.0963	0.0093	0.3249	-1e-04	0.1573	0.034	0.1309	-0.0854	-0.0166	
TMEM40	-0.1774	-0.0133	0.0962	-0.0434	-0.0062	0.209	0.118	0.1218	-0.0845	-0.0248	0.1311	0.0712	0.0602	0.0031	0.1151	0.1746	-0.175	0.1521	-0.2221	0.1658	0.0095	-0.0038	-0.0688	0.082	-0.1561	0.0556	0.0744	0.1529	-0.1437	-0.112	-0.1747	-0.001	-0.0537	0.0964	0.1228	0.0208	0.1126	0.127	-0.0012	
F5	-0.1672	0.0313	0.0576	0.0778	0.1215	0.113	0.0951	0.2095	-0.2125	0.0819	-0.0496	-0.1219	-0.0507	-0.0341	0.1191	-0.1276	0.037	-0.0498	-0.1717	-0.2091	-0.1732	-0.0597	-0.084	-0.0276	-0.0583	0.0782	-0.2097	0.0134	0.0582	-0.1209	-0.0752	0.0822	-0.0483	-0.1471	-0.0293	-0.1246	-0.0637	-0.133	-0.1273	
TTC23L	-0.0876	0.2377	-0.087	0.1559	0.1652	0.019	-0.0293	-0.0737	-0.1136	0.0886	0.0518	-0.0125	0.0779	0.0303	-0.1279	0.1298	0.0691	0.1757	0.1751	0.145	0.013	-0.1107	0.015	0.1299	0.1269	-0.0894	0.0049	-0.0557	-0.0188	-0.0244	0.1337	-0.0931	0.0463	0.174	0.0898	-0.1173	-0.18	-0.1231	0.032	

center
0.3688362	2.612102	1.046269	4.521113	4.738883	-1.455361	3.222829	0.9719885	-1.96677	0.8565373	-0.1110334	3.026991	2.940022	5.362839	-2.87079	0.9008519	-0.9271533	2.613302	7.497898	-1.268048	-2.142987	-2.497659	-1.412403	0.6880807	1.124395	-3.05118	0.3063398	-1.861907	-1.699265	-2.091516	-3.719422	-0.0972838	0.3603939	-0.510898	-3.733619	0.00378116	0.4513275	2.756688	1.516187	1.27059	3.788619	-1.401456	-3.298758	-2.689666	0.01245687	-1.270301	0.3264299	1.38679	-2.856682	4.071926	1.023964	2.729933	-0.8197735	-1.462559	0.3300384	-3.567759	4.281897	2.927899	5.444388	-1.919574	1.222559	2.05457	-0.07885973	-1.490387	5.897567	1.506922	2.944876	5.940193	0.03804428	
scale
2.055217	0.6125696	2.218566	0.6939863	0.9842894	1.808612	0.9076809	0.7896041	1.694806	1.588979	1.163309	0.330344	0.527629	0.2801322	1.739482	2.297881	1.559251	0.5013362	0.4716816	1.886533	1.444901	3.778384	1.209331	0.6180473	1.414946	2.721778	2.683409	1.120074	1.240563	1.261484	1.454256	2.567771	0.7109992	1.939772	1.261275	1.200377	1.240732	1.256522	1.041515	1.126123	0.2526509	1.583756	1.372301	1.333167	1.011173	1.175594	0.7262857	0.6561046	1.327658	0.483848	1.115662	0.4376136	2.114298	0.9021825	0.8007681	1.426932	0.2743116	0.2913122	1.3277	1.23441	2.494758	1.098504	1.000452	0.9650334	0.3469701	0.7391775	0.9747805	0.9089406	0.9946076	
x
   	PC1	PC2	PC3	PC4	PC5	PC6	PC7	PC8	PC9	PC10	PC11	PC12	PC13	PC14	PC15	PC16	PC17	PC18	PC19	PC20	PC21	PC22	PC23	PC24	PC25	PC26	PC27	PC28	PC29	PC30	PC31	PC32	PC33	PC34	PC35	PC36	PC37	PC38	PC39	
30028	3.3247	0.8381	-2.4066	0.8441	-1.1992	1.1653	-0.719	1.5839	-0.4131	-1.8099	2.5452	-1.4771	-1.7035	0.2757	0.4843	-0.8206	-0.1405	-0.4395	-0.5917	2.15	1.4115	-0.1743	-1.3729	-0.2338	0.0549	0.3337	0.7041	0.0577	-1.8176	-0.1914	0.6048	0.055	0.1333	0.4109	-0.003	-0.5745	0.7478	7e-04	0	
29523	-2.417	2.1926	-0.8087	-1.5056	3.6945	-1.7805	-1.2966	-2.5365	-1.6316	0.418	2.6951	0.194	2.6881	0.1295	-1.2081	-1.4913	2.2792	2.0061	1.7075	0.0605	-0.7151	0.2209	-1.2533	-0.9184	-0.2704	0.1805	0.4033	-1.1084	0.0308	0.5562	0.0017	-0.1579	-0.0952	0.2472	0.0522	-0.0316	0.2279	0.0723	0	
29558	0.5677	-1.8911	0.8234	1.2256	0.597	-0.1133	3.919	0.1232	-0.13	-0.3498	-1.3344	-0.6116	-0.2292	-0.6765	1.2938	-0.9519	-0.1436	0.1475	2.1287	0.4885	-0.5728	-0.2448	0.3683	0.3252	0.2091	1.1132	1.8255	0.9555	0.2324	0.7574	-0.3789	0.4845	-1.3474	-0.0057	0.197	-0.5309	-0.0598	0.3823	0	
30027	2.0763	-0.5976	0.7195	2.8688	-0.4704	-2.7062	1.3336	-3.256	-0.785	-1.9803	1.5676	1.2904	-1.3946	-0.953	1.8078	-1.4205	1.2528	-1.2119	1.7564	0.461	0.8947	0.0758	1.2998	0.796	0.9085	0.3073	-1.0827	-0.1622	0.5686	-1.0473	0.1545	-0.3739	0.3296	0.1798	-0.3133	0.0774	-0.0804	-0.4797	0	
28819	0.3607	1.2481	0.6427	-2.8388	-2.8992	-3.1273	-0.227	-0.8904	1.5784	3.0673	-2.2391	-0.7663	1.2843	-1.7022	0.5128	-0.4632	2.2631	-0.4055	-1.0936	-0.2171	-0.3553	-0.4343	-0.7389	1.236	-0.4811	1.3515	0.3212	0.921	-0.3209	-0.4072	-0.3024	-0.1656	0.6332	-0.4492	-0.1685	-0.2168	0.6196	-0.1284	0	
30412	-2.8663	0.4275	-0.7175	2.7325	-1.4045	-1.9568	-0.4535	1.1918	-0.5872	-0.5097	0.6452	-1.3781	-0.3937	-1.5527	-0.3913	-1.4667	-1.4966	-0.8093	-0.1541	0.0341	0.178	1.5977	-2.2117	0.0177	-2.0234	-0.6778	-1.0778	0.445	0.9031	0.0251	-0.853	-0.7508	-0.4723	-0.2924	0.4364	-0.2824	-0.3072	-0.0728	0	
28835	0.8442	-0.0435	1.1894	-3.6192	4.4141	-1.6493	0.5785	-0.1091	1.0252	-1.3014	1.1046	1.8906	-0.0539	1.4516	-1.1344	0.2151	-0.7856	-1.1153	-0.8364	-0.1819	0.4727	-0.3285	1.656	0.9082	-1.8612	-0.6529	0.1025	0.304	-0.2089	-1.0325	-0.5296	-0.5147	-0.2124	0.007	-0.2071	-0.4235	0.3423	0.6292	0	
29208	2.9457	-0.7506	1.7941	-1.9143	1.631	-1.7035	-0.9137	0.6241	1.41	-0.0901	-2.501	-0.6549	-0.2803	0.2066	-0.4573	1.6604	0.1622	0.1596	0.3471	0.532	1.2369	0.0028	-0.9448	-0.3303	1.6647	1.2766	-2.0357	-1.1831	-0.7507	-0.1382	-0.2967	-0.4804	-0.9391	0.0426	0.368	-0.1493	-0.2836	0.2585	0	
29211	5.7174	0.2857	3.8663	-0.1835	-0.3951	-1.6996	1.6906	0.479	1.3873	0.4266	0.1659	-1.2925	1.238	-0.7061	-2.871	-0.516	-0.8013	-0.116	-0.6653	0.1537	0.7173	-1.2819	-0.5674	-0.3908	0.0508	-1.0098	0.4893	0.107	0.357	-0.0625	-0.3859	0.8573	-0.1465	1.2076	-0.4117	0.3346	-0.2657	-0.5599	0	
29299	2.4295	1.4739	0.1266	1.3835	1.7447	-0.9364	-1.6875	0.1264	-0.2694	-0.3438	-0.8112	-3.3881	-0.4309	-1.5489	0.0918	-0.0184	0.3978	0.1567	0.2975	-1.0418	0.4657	0.3837	0.3851	-1.6358	-0.0775	0.0148	0.0747	0.8255	0.6643	-1.0873	1.2766	0.784	0.6113	-0.1335	-0.0918	0.1189	-0.3368	0.8686	0	
29341	-0.8004	-2.7572	0.2999	2.0722	-0.3044	-1.1245	2.3302	-0.1785	-1.4455	0.2378	-0.121	1.2073	1.1098	-1.3787	-0.6597	-0.8246	-0.6439	-1.3248	-1.5351	-0.6191	-0.358	1.0879	-0.2158	1.0462	1.0689	-0.455	-0.5053	-0.3533	-0.458	1.2418	0.6717	-0.1536	0.2719	0.4336	0.2075	0.8309	0.5876	0.7583	0	
29484	-4.0927	-1.9951	2.1668	4.5167	2.8867	0.0324	-4.0004	-2.5584	3.5298	1.9402	-0.4378	-0.3137	-0.1932	1.0973	1.3225	0.5958	-0.417	-0.5627	0.2526	2.1708	0.4209	0.0612	-0.0125	0.6063	-0.2896	-0.7062	0.2605	0.4397	-0.3312	0.7448	-0.2992	0.5829	0.103	-0.0533	-0.1296	0.3595	0.003	0.0155	0	
29511	-4.8769	-6.5235	0.7299	0.8348	-0.762	-1.4738	0.3942	2.9254	0.407	0.0976	2.2642	-0.9016	-1.0024	1.171	-1.1399	0.304	2.2295	0.9685	0.2017	-1.7208	1.1727	-1.1624	0.797	0.0637	-0.5459	0.3746	-0.5308	0.672	-0.5864	1.0703	0.3816	-0.2326	0.2988	-0.1562	-0.164	-0.1614	-0.4436	-0.1266	0	
29515	3.5146	0.3705	0.2338	1.7709	-1.2902	-2.4545	-1.255	0.8271	0.5111	-2.448	-0.0414	0.1766	1.5099	1.8622	-1.202	1.7168	-2.0992	0.4129	1.1397	-0.7249	-1.6469	1.7368	0.0275	1.6549	-0.1023	1.0746	0.3726	-0.6456	-0.0844	0.2945	0.3684	0.7485	0.7608	-0.2347	-0.1264	-0.511	-0.1029	-0.1976	0	
29306	-2.3856	-1.2057	-1.47	-4.5568	-2.3399	1.5703	-1.6957	-0.4525	-0.5765	-1.0966	1.3659	-1.9715	1.4256	0.994	-1.4504	-0.0981	0.0257	-0.4606	0.6075	1.1203	0.5363	0.0222	-0.0032	1.6366	2.4148	-1.1835	0.3584	1.0615	0.9909	-0.2232	-0.2766	-0.2522	-0.0289	-0.3617	0.1863	0.0379	-0.194	0.1963	0	
29482	1.9041	-0.6802	-3.0684	1.9875	0.983	0.369	-1.8433	-0.1402	-1.5358	3.7304	1.8517	0.1211	0.0877	-0.6332	0.4646	1.9253	-1.2142	-2.4829	0.4607	-2.7225	0.6013	-0.9616	-0.2032	-0.0838	0.798	0.3022	1.2191	-0.5983	0.0752	-0.3429	-0.5428	-0.4466	-0.1664	0.1803	0.1431	-0.2326	-0.0193	-0.1114	0	
29483	4.7389	-0.2885	-1.1549	-1.3448	0.8108	0.7589	-0.6619	1.0616	-1.4019	-2.1244	-1.639	2.423	-0.5246	2.0355	0.7525	1.1484	2.6671	-1.7765	0.1489	-0.0438	0.1935	1.0489	-1.1649	-1.1577	-0.4077	0.2623	0.3745	1.1683	0.4634	0.6764	-0.8946	0.1762	0.5667	0.3864	0.2253	0.5429	-0.1548	-0.0539	0	
28724	-3.0305	-2.221	-0.0613	0.6162	0.4455	0.7239	1.5742	0.2756	2.0145	-0.5784	-1.5991	-1.3143	-2.0109	2.6032	-0.5751	-0.302	0.7602	-0.7438	-0.7415	-0.2256	-0.2944	-0.2959	-1.0564	-0.4039	0.0765	0.047	0.8093	-1.7575	1.9041	-0.3727	0.7132	-0.3576	-0.0766	-0.2814	-0.2183	0.0361	0.6942	-0.1603	0	
29528	-1.3051	-0.3497	-3.0218	0.5961	-2.8027	-0.5023	-2.923	-0.4239	2.4962	-1.6663	-1.6838	1.32	-0.378	-0.8933	-2.0293	-1.7453	-1.5423	0.6933	0.511	-0.2608	-0.3429	-0.4585	1.9762	-1.9776	0.2606	0.8137	0.5135	0.303	-0.1321	0.2202	-0.4184	-0.9341	-0.0025	0.2764	0.2265	0.3367	0.3356	-0.0348	0	
30400	-1.4085	-0.2766	-0.9493	-0.205	-0.8307	-0.1714	2.8304	-2.2146	-1.012	-1.2592	-0.9452	-0.9818	2.6243	1.1153	0.5999	0.135	-1.2424	-0.378	-0.1278	-0.5585	2.0869	0.1965	0.0814	-1.6867	-0.1878	-0.5228	0.2199	-0.3922	-1.1702	-0.0098	-0.5147	0.4059	0.0577	-1.3225	-0.4196	0.3787	0.0096	-0.212	0	
30407	5.2945	1.4527	-3.2577	0.6643	-0.1122	1.3186	-0.9298	1.5251	0.1624	0.4166	1.7222	0.3193	-0.15	0.1007	-0.5855	-1.0844	0.4323	-0.9871	-0.2617	0.6102	-2.126	-1.581	0.091	0.3606	-0.3589	0.6947	-1.1583	-0.0914	0.0957	0.2641	-0.0201	0.5852	-0.8823	-0.8753	-0.9172	0.7099	-0.144	0.1192	0	
28808	3.1563	0.0873	-2.9311	1.3677	1.7849	-0.2378	0.4949	1.8052	0.2299	-0.3559	0.0278	-0.1748	1.922	-1.0458	1.8786	0.728	0.114	1.3922	-1.3116	0.6362	0.2578	-1.1972	1.4098	-0.4322	0.4459	-0.8787	-1.1148	-0.169	1.2729	0.8415	-0.5493	0.5369	0.4544	-0.1415	0.5755	-0.7396	0.5894	-0.1614	0	
28810	-3.9043	0.4764	-4.017	0.2095	-1.5084	-1.1295	1.4535	0.2136	1.2721	1.2752	-0.063	3.7203	1.5302	0.1431	-0.5854	2.0955	0.0052	0.1035	0.5453	0.9552	0.4971	-0.2432	-0.6473	-0.3309	-0.4886	-0.3532	-0.2479	0.8052	0.166	-0.9429	1.681	0.5169	-0.6836	0.1391	0.4713	0.0734	-0.0999	-0.1718	0	
28885	1.3833	-6.7689	-0.0924	-4.2146	0.7969	-1.7391	-1.199	-2.6929	-2.6622	-0.6706	-0.4611	0.4278	-2.8829	-1.5931	0.6211	0.5358	-1.4639	1.0289	-0.9373	0.2375	-1.8938	-0.9212	-0.7681	-0.3476	-0.2418	-0.634	0.2323	-0.0254	-0.2946	-0.0699	0.2821	0.5022	0.0304	-0.2743	0.3096	0.0313	-0.1172	-0.2912	0	
28890	1.5769	-0.7811	-2.3449	-0.0229	-1.4275	1.2129	1.3654	-0.0947	-0.5105	2.2181	-2.3009	1.3203	0.1841	0.9504	0.3026	-1.4029	-0.7243	0.3368	0.8869	1.3997	-0.1061	-1.2223	-0.5612	0.0512	-0.3838	-0.6815	-0.0853	-0.8631	-0.1045	0.1715	0.0147	-0.7255	1.1894	0.2974	-0.533	-0.5987	-0.9073	0.4915	0	
28949	4.6472	-1.3439	-0.5709	-1.1736	0.723	3.1718	1.2028	-0.5249	2.1851	1.8224	0.5864	-1.3647	0.3703	1.1428	0.011	-2.3685	0.6235	-0.4359	-0.0484	-0.5027	-0.6176	1.2386	1.0929	0.4393	-0.6905	0.0321	-0.1725	-0.5091	-0.6805	-0.4962	0.2688	0.2229	0.1642	-0.0809	1.4666	0.2487	-0.3836	-0.309	0	
29014	1.1667	4.2089	-3.8174	0.2133	0.8985	-0.3562	-0.0186	-0.9822	2.1857	-1.7279	-0.9586	-0.0685	-1.2498	0.2667	2.0266	-0.2722	0.3209	2.5507	-1.3029	-2.3779	0.5346	0.0817	-0.705	1.736	0.3732	-1.0715	0.5408	0.2062	-0.3875	0.288	0.1181	-0.4233	-0.5113	0.2884	-0.2899	0.2914	-0.3899	-0.0643	0	
29212	2.5226	-1.0611	1.1681	0.9921	4.1764	3.4471	1.3654	1.2245	0.5254	0.538	-0.753	0.0858	0.3232	-2.2573	-1.3452	1.1754	0.0019	0.6598	0.9546	0.2376	-1.0128	1.399	-0.2404	-0.2524	0.5987	-0.6644	-0.0519	1.0957	-0.4185	-0.1391	0.4522	-1.4042	0.2488	-0.4377	-0.6066	-0.114	0.2583	-0.5094	0	
29215	3.358	-2.3959	-0.2101	-0.9232	-2.157	1.3222	-0.4986	-0.1949	-2.0015	2.8008	0.8536	0.1838	-0.5755	0.2504	0.311	0.8669	-0.4198	2.6845	-0.8069	0.9522	1.8399	2.473	1.1445	0.2436	-0.8648	1.0112	0.1885	-0.3378	0.914	-0.1454	-0.2355	-0.0279	-0.4154	0.2508	-0.5549	0.3755	0.1515	0.086	0	
31481	0.0137	3.4456	4.8035	-0.9502	-0.5951	-0.9034	0.9779	2.8526	1.316	-0.0788	2.7275	1.5391	-0.7271	-0.9387	1.6957	0.7838	-1.0961	1.1105	0.3848	0.7983	0.1213	-1.0095	-0.5112	-0.213	0.2638	0.3465	1.0638	-0.494	0.2899	-0.0913	-0.1468	-0.6068	0.6499	-0.6608	0.5692	0.8387	-0.2122	0.1769	0	
31824	-2.7914	0.2248	-0.3536	-0.0174	-3.0683	1.6639	0.3881	0.6439	-0.2961	-1.0431	-0.8628	-2.116	-0.2925	-1.4489	0.4206	2.739	1.4656	0.1133	2.2865	-0.074	-1.1943	-0.4087	0.7025	0.5681	-1.3094	-1.3744	-0.3438	-1.0889	-0.6752	-0.5451	-0.7191	0.1607	-0.0585	0.5409	0.0267	0.4369	0.4062	0.1915	0	
32342	-4.7797	2.4878	-0.6776	1.6502	-0.4545	-2.133	1.4704	0.5797	-0.1598	1.0212	0.9547	0.0599	-1.5087	0.3083	-0.7129	0.6889	1.5124	-0.2131	-2.363	1.028	-2.0095	1.7148	1.114	-1.1861	1.4648	-0.436	0.5601	-0.3076	-0.5965	-0.5578	-0.8186	0.2693	-0.0812	0.0058	-0.143	-0.3925	-0.5433	0.0176	0	
32371	-6.5257	1.4171	-0.829	-0.2104	1.9711	1.8865	2.1761	-0.9105	-0.9929	0.115	0.5495	-1.7197	0.0917	1.9137	0.7158	0.3359	-2.1865	0.7438	-0.3804	-0.2482	-1.0686	-0.8868	-0.5257	-0.0054	0.1798	1.9782	-1.2365	1.1913	0.0667	-0.6114	-0.4986	0.0552	0.5557	0.7821	-0.0192	0.3359	0.1371	-0.0925	0	
32383	-3.3231	5.9478	-0.3043	-0.84	1.4896	1.7933	0.3107	-1.5931	-2.0523	-0.5409	-1.2982	-0.3192	-2.0372	-1.9641	-2.5394	0.9407	0.1881	-1.0543	-0.5359	0.7623	1.4369	-0.5478	1.035	1.0544	-0.7553	0.8858	0.2119	-0.4737	0.2323	1.2934	0.4699	0.2209	0.2186	-0.2245	0.2995	-0.0829	-0.3312	-0.2603	0	
32570	-4.592	-1.4314	1.7329	-1.9054	-0.511	4.4832	-0.6631	0.2051	2.4809	-1.1009	0.8996	2.9368	-0.0615	-2.6825	0.2737	-1.1726	0.0531	-0.1502	-0.0908	-1.4459	0.613	0.7595	-0.9558	-0.1363	0.4385	0.4287	-0.3785	-0.5501	0.1256	-0.3105	-0.4849	1.3818	0.1947	0.0432	-0.4023	-0.5363	-0.0486	0.1342	0	
32575	-2.7365	0.9543	2.0126	-4.3748	-0.6364	-0.0887	-1.4253	1.2066	0.056	-0.5676	0.1552	-1.1762	2.1365	-0.1967	3.3918	-0.1552	-0.6391	-1.9833	-0.5738	0.1422	-0.7949	0.6387	1.0726	-0.8472	-0.4272	0.0506	-0.0083	-0.3162	0.1039	0.8607	1.1468	-0.6214	-0.4766	0.5889	-0.4721	-0.1616	-0.3112	-0.3109	0	
32576	-3.5538	1.9091	1.8907	0.2379	1.4685	-0.8454	-2.0723	4.333	-3.8644	1.4137	-2.8985	1.1915	-0.5583	1.2794	0.2765	-2.5996	-0.4174	0.4684	0.9262	-0.4441	0.4471	-0.0436	0.5156	0.6919	0.5515	-0.7739	-0.0267	-0.0386	-0.4215	-0.6926	0.0458	0.6358	-0.1833	-0.0983	0.0373	0.1552	0.3368	-0.3318	0	
32786	0.9987	-0.5748	4.8572	4.7416	-1.9692	3.1558	-1.7223	-1.5534	-2.4987	-1.914	-0.658	0.9176	2.4392	0.6287	-0.1573	0.2902	1.1997	0.7409	-2.133	-0.1926	-0.5292	-1.4092	-0.1046	0.2134	-0.3288	0.3242	0.3134	0.0913	-0.0593	-0.7548	0.2088	-0.6247	-0.4924	-0.0611	0.3163	-0.2842	-0.2178	0.092	0	
33252	2.8478	4.4892	4.0069	-0.7251	-3.3784	0.7573	0.3494	-2.5011	0.0535	2.0189	0.9253	0.6654	-2.3263	2.2456	-0.2108	0.2928	-0.4808	0.1727	0.9477	-1.3281	-0.4978	0.0727	-0.0048	-1.0793	0.2731	-1.1285	-1.1025	0.8157	0.0414	0.9661	0.3051	0.0716	-0.2006	-0.1631	0.0773	-0.5267	0.5073	0.1495	0	

